4.690415759820
4.4721359550
4.242640687120
4.242640687120
4.242640687120
4.4721359550
4.582575694960
4.4721359550
4.358898943540
4.242640687120
4.358898943540
4.358898943540
4.4721359550
4.358898943540
4.4721359550
4.4721359550
4.582575694960
4.358898943540
4.358898943540
4.358898943540
4.242640687120
4.4721359550
4.4721359550
4.4721359550
4.358898943540
4.358898943540
4.690415759820
4.4721359550
4.242640687120
4.358898943540
4.358898943540
4.4721359550
4.4721359550
4.242640687120
4.358898943540
4.358898943540
4.582575694960
4.690415759820
4.358898943540
4.4721359550
4.582575694960
4.358898943540
4.358898943540
4.582575694960
4.358898943540
4.4721359550
4.4721359550
4.582575694960
4.358898943540
4.4721359550
4.4721359550
6.85565460040
8.660254037840
7.483314773550
7.681145747870
7.00
7.141428428540
6.85565460040
6.55743852430
6.324555320340
6.633249580710
6.480740698410
6.55743852430
6.24499799840
6.00
5.477225575050
6.00
6.403124237430
6.55743852430
6.00
5.477225575050
6.633249580710
6.70820393250
6.164414002970
5.830951894850
6.24499799840
6.70820393250
6.403124237430
6.782329983130
6.24499799840
7.071067811870
6.24499799840
6.480740698410
7.348469228350
9.380831519650
7.348469228350
9.486832980510
9.486832980510
6.928203230280
6.24499799840
7.549834435270
8.246211251240
9.486832980510
9.695359714830
7.810249675910
9.643650760990
7.483314773550
7.874007874010
8.246211251240
8.00
9.327379053090
6.480740698410
7.00
6.928203230280
6.24499799840
4.795831523310
4.795831523310
4.795831523310
4.4721359550
